0000000000000001
0000010000000001
0000100000000001
0000110000000001
0001000000000001
0001010000001111
0001100000001111
0001110000001111
0010000000001111
0010010000001111
0010100000001111
0010110000001111
0011000000001111
0011010000001111
0011100000001111
0011110000000001
0100000000000001
0100010000000001
0100100000000001
0100110000000001
0101000000000001
0000000000010001
0000010000010001
0000100000010001
0000110000011111
0001000000011111
0001010000011111
0001100000011111
0001110000011111
0010000000011111
0010010000011111
0010100000011111
0010110000011111
0011000000011111
0011010000011111
0011100000011111
0011110000011111
0100000000011111
0100010000010001
0100100000010001
0100110000010001
0101000000010001
0000000000100001
0000010000100001
0000100000101111
0000110000101111
0001000000101111
0001010000101111
0001100000101111
0001110000101111
0010000000101111
0010010000101111
0010100000101111
0010110000101111
0011000000101111
0011010000101111
0011100000101111
0011110000101111
0100000000101111
0100010000101111
0100100000100001
0100110000100001
0101000000100001
0000000000110001
0000010000110001
0000100000111111
0000110000111111
0001000000111111
0001010000111111
0001100000111111
0001110000111111
0010000000111111
0010010000111111
0010100000111111
0010110000111111
0011000000111111
0011010000111111
0011100000111111
0011110000111111
0100000000111111
0100010000111111
0100100000110001
0100110000110001
0101000000110001
0000000001000001
0000010001001111
0000100001001111
0000110001001111
0001000001001001
0001010001001001
0001100001001001
0001110001001111
0010000001001111
0010010001001111
0010100001001111
0010110001001111
0011000001001111
0011010001001111
0011100001001111
0011110001001111
0100000001001111
0100010001001111
0100100001001111
0100110001000001
0101000001000001
0000000001010001
0000010001011111
0000100001011111
0000110001011111
0001000001011001
0001010001011111
0001100001011111
0001110001011001
0010000001011111
0010010001011111
0010100001011111
0010110001011111
0011000001011111
0011010001011001
0011100001011001
0011110001011001
0100000001011111
0100010001011111
0100100001011111
0100110001010001
0101000001010001
0000000001101111
0000010001101111
0000100001101111
0000110001101001
0001000001101111
0001010001101001
0001100001101001
0001110001101111
0010000001101001
0010010001101111
0010100001101111
0010110001101111
0011000001101111
0011010001101001
0011100001101111
0011110001101111
0100000001101001
0100010001101111
0100100001101111
0100110001101111
0101000001100001
0000000001111111
0000010001111111
0000100001111111
0000110001111001
0001000001111111
0001010001111001
0001100001111001
0001110001111111
0010000001111001
0010010001111111
0010100001111111
0010110001111111
0011000001111001
0011010001111111
0011100001111001
0011110001111001
0100000001111111
0100010001111001
0100100001111111
0100110001111111
0101000001110001
0000000010001111
0000010010001111
0000100010001111
0000110010001111
0001000010001001
0001010010001111
0001100010001111
0001110010001001
0010000010001001
0010010010001111
0010100010001111
0010110010001111
0011000010001001
0011010010001111
0011100010001001
0011110010001001
0100000010001111
0100010010001001
0100100010001111
0100110010001111
0101000010000001
0000000010011111
0000010010011111
0000100010011111
0000110010011111
0001000010011111
0001010010011001
0001100010011001
0001110010011111
0010000010011111
0010010010011111
0010100010011111
0010110010011111
0011000010011111
0011010010011001
0011100010011111
0011110010011111
0100000010011001
0100010010011001
0100100010011111
0100110010011111
0101000010010001
0000000010101111
0000010010101111
0000100010101111
0000110010101111
0001000010101111
0001010010101111
0001100010101111
0001110010101111
0010000010101111
0010010010101111
0010100010101111
0010110010101111
0011000010101111
0011010010101111
0011100010101001
0011110010101001
0100000010101111
0100010010101111
0100100010101111
0100110010101111
0101000010100001
0000000010111111
0000010010111111
0000100010111111
0000110010111111
0001000010111111
0001010010111111
0001100010111111
0001110010111111
0010000010111111
0010010010111111
0010100010111111
0010110010111111
0011000010111111
0011010010111111
0011100010111111
0011110010111111
0100000010111111
0100010010111111
0100100010111111
0100110010111111
0101000010110001
0000000011000001
0000010011001111
0000100011001111
0000110011001111
0001000011001111
0001010011001111
0001100011001111
0001110011001111
0010000011001111
0010010011001111
0010100011001111
0010110011001111
0011000011001111
0011010011001111
0011100011001111
0011110011001111
0100000011001111
0100010011001111
0100100011001111
0100110011000001
0101000011000001
0000000011010001
0000010011011111
0000100011011111
0000110011011111
0001000011011111
0001010011011111
0001100011011001
0001110011011111
0010000011011111
0010010011011111
0010100011011111
0010110011011111
0011000011011111
0011010011011001
0011100011011111
0011110011011111
0100000011011111
0100010011011111
0100100011011111
0100110011010001
0101000011010001
0000000011100001
0000010011100001
0000100011101111
0000110011101111
0001000011101111
0001010011101111
0001100011101111
0001110011101111
0010000011101001
0010010011101111
0010100011101001
0010110011101111
0011000011101001
0011010011101111
0011100011101111
0011110011101111
0100000011101111
0100010011101111
0100100011100001
0100110011100001
0101000011100001
0000000011110001
0000010011110001
0000100011111111
0000110011111111
0001000011111111
0001010011111111
0001100011111111
0001110011111111
0010000011111111
0010010011111111
0010100011111111
0010110011111111
0011000011111111
0011010011111111
0011100011111111
0011110011111111
0100000011111111
0100010011111111
0100100011110001
0100110011110001
0101000011110001
0000000100000001
0000010100000001
0000100100000001
0000110100001111
0001000100001111
0001010100001111
0001100100001111
0001110100001111
0010000100001111
0010010100001111
0010100100001111
0010110100001111
0011000100001111
0011010100001111
0011100100001111
0011110100001111
0100000100001111
0100010100000001
0100100100000001
0100110100000001
0101000100000001
0000000100010001
0000010100010001
0000100100010001
0000110100010001
0001000100010001
0001010100011111
0001100100011111
0001110100011111
0010000100011111
0010010100010111
0010100100010111
0010110100010111
0011000100011111
0011010100011111
0011100100011111
0011110100010001
0100000100010001
0100010100010001
0100100100010001
0100110100010001
0101000100010001
0000000100100001
0000010100100001
0000100100100001
0000110100100001
0001000100101111
0001010100101111
0001100100101111
0001110100101111
0010000100100111
0010010100100111
0010100100100111
0010110100100111
0011000100100111
0011010100101111
0011100100101111
0011110100101111
0100000100100001
0100010100100001
0100100100100001
0100110100100001
0101000100100001
0000000100110001
0000010100110001
0000100100111111
0000110100111111
0001000100111111
0001010100111111
0001100100111111
0001110100111111
0010000100110111
0010010100110111
0010100100110111
0010110100110111
0011000100110111
0011010100111111
0011100100111111
0011110100111111
0100000100111111
0100010100111111
0100100100110001
0100110100110001
0101000100110001
0000000101000001
0000010101001111
0000100101001111
0000110101001111
0001000101001111
0001010101001111
0001100101001111
0001110101001111
0010000101001111
0010010101001011
0010100101001011
0010110101001011
0011000101001111
0011010101001111
0011100101001111
0011110101001111
0100000101001111
0100010101001111
0100100101000001
0100110101000001
0101000101000001
0000000101010001
0000010101011111
0000100101011111
0000110101011111
0001000101011111
0001010101011111
0001100101011111
0001110101011111
0010000101010111
0010010101010111
0010100101010111
0010110101010111
0011000101010111
0011010101011111
0011100101011111
0011110101011111
0100000101011111
0100010101011111
0100100101011111
0100110101010001
0101000101010001
0000000101101111
0000010101101111
0000100101101111
0000110101101111
0001000101101111
0001010101101111
0001100101101111
0001110101101111
0010000101101011
0010010101101011
0010100101101011
0010110101101011
0011000101101011
0011010101101011
0011100101101111
0011110101101111
0100000101101111
0100010101101111
0100100101101111
0100110101101111
0101000101100001
0000000101111111
0000010101111111
0000100101111111
0000110101111111
0001000101111111
0001010101111111
0001100101111111
0001110101110111
0010000101110111
0010010101110111
0010100101110111
0010110101110111
0011000101110111
0011010101110111
0011100101111111
0011110101111111
0100000101111111
0100010101111111
0100100101111111
0100110101111111
0101000101110001
0000000110001111
0000010110001111
0000100110001111
0000110110001111
0001000110001111
0001010110001111
0001100110001111
0001110110001011
0010000110001011
0010010110001011
0010100110001011
0010110110001011
0011000110001011
0011010110001011
0011100110001011
0011110110001111
0100000110001111
0100010110001111
0100100110001111
0100110110001111
0101000110000001
0000000110011111
0000010110011111
0000100110011111
0000110110011111
0001000110011111
0001010110011111
0001100110011111
0001110110010111
0010000110010111
0010010110010111
0010100110010111
0010110110010111
0011000110010111
0011010110010111
0011100110010111
0011110110011111
0100000110011111
0100010110011111
0100100110011111
0100110110011111
0101000110010001
0000000110101111
0000010110101111
0000100110101111
0000110110101111
0001000110101111
0001010110101111
0001100110101111
0001110110101111
0010000110101011
0010010110101011
0010100110101011
0010110110101011
0011000110101011
0011010110101011
0011100110101111
0011110110101111
0100000110101111
0100010110101111
0100100110101111
0100110110101111
0101000110100001
0000000110111111
0000010110111111
0000100110111111
0000110110111111
0001000110111111
0001010110111111
0001100110111111
0001110110111111
0010000110111111
0010010110110111
0010100110110111
0010110110110111
0011000110110111
0011010110110111
0011100110111111
0011110110111111
0100000110111111
0100010110111111
0100100110111111
0100110110111111
0101000110110001
0000000111001111
0000010111001111
0000100111001111
0000110111001111
0001000111001111
0001010111001111
0001100111001111
0001110111001111
0010000111001111
0010010111001011
0010100111001011
0010110111001011
0011000111001011
0011010111001011
0011100111001111
0011110111001111
0100000111001111
0100010111001111
0100100111001111
0100110111001111
0101000111000001
0000000111011111
0000010111011111
0000100111011111
0000110111011111
0001000111011111
0001010111011111
0001100111011111
0001110111011111
0010000111011111
0010010111011111
0010100111010111
0010110111010111
0011000111011111
0011010111011111
0011100111011111
0011110111011111
0100000111011111
0100010111011111
0100100111011111
0100110111011111
0101000111010001
0000000111101111
0000010111101111
0000100111101111
0000110111101111
0001000111101111
0001010111101111
0001100111101111
0001110111101111
0010000111101111
0010010111101111
0010100111101011
0010110111101011
0011000111101111
0011010111101111
0011100111101111
0011110111101111
0100000111101111
0100010111101111
0100100111101111
0100110111101111
0101000111100001
0000000111111111
0000010111111111
0000100111111111
0000110111111111
0001000111111111
0001010111111111
0001100111111111
0001110111111111
0010000111111111
0010010111111111
0010100111110111
0010110111111111
0011000111111111
0011010111111111
0011100111111111
0011110111111111
0100000111111111
0100010111111111
0100100111111111
0100110111111111
0101000111110001
0000001000001111
0000011000001111
0000101000001111
0000111000001111
0001001000001111
0001011000001111
0001101000001111
0001111000001111
0010001000001111
0010011000001111
0010101000001111
0010111000001111
0011001000001111
0011011000001111
0011101000001111
0011111000001111
0100001000001111
0100011000001111
0100101000001111
0100111000001111
0101001000000001
0000001000011111
0000011000011111
0000101000011111
0000111000011111
0001001000011111
0001011000011111
0001101000011111
0001111000011111
0010001000011111
0010011000011111
0010101000011111
0010111000011111
0011001000011111
0011011000011111
0011101000011111
0011111000011111
0100001000011111
0100011000011111
0100101000011111
0100111000011111
0101001000010001
0000001000100001
0000011000101111
0000101000101111
0000111000101111
0001001000101111
0001011000101111
0001101000101111
0001111000101111
0010001000101111
0010011000101111
0010101000101111
0010111000101111
0011001000101111
0011011000101111
0011101000101111
0011111000101111
0100001000101111
0100011000101111
0100101000101111
0100111000100001
0101001000100001
0000001000110001
0000011000111111
0000101000111111
0000111000111111
0001001000111111
0001011000111111
0001101000111111
0001111000111111
0010001000111111
0010011000111111
0010101000111111
0010111000111111
0011001000111111
0011011000111111
0011101000111111
0011111000111111
0100001000111111
0100011000111111
0100101000110001
0100111000110001
0101001000110001
0000001001000001
0000011001000001
0000101001001111
0000111001001111
0001001001001111
0001011001001111
0001101001001111
0001111001001111
0010001001001111
0010011001001111
0010101001001111
0010111001001111
0011001001001111
0011011001001111
0011101001001111
0011111001001111
0100001001001111
0100011001001111
0100101001000001
0100111001000001
0101001001000001
0000001001010001
0000011001010001
0000101001010001
0000111001011111
0001001001011111
0001011001011111
0001101001011111
0001111001011111
0010001001011111
0010011001011111
0010101001011111
0010111001011111
0011001001011111
0011011001011111
0011101001011111
0011111001011111
0100001001011111
0100011001010001
0100101001010001
0100111001010001
0101001001010001
0000001001100001
0000011001100001
0000101001100001
0000111001100001
0001001001100001
0001011001101111
0001101001101111
0001111001101111
0010001001101111
0010011001101111
0010101001101111
0010111001101111
0011001001101111
0011011001101111
0011101001101111
0011111001100001
0100001001100001
0100011001100001
0100101001100001
0100111001100001
0101001001100001
0000001001110001
0000011001110001
0000101001110001
0000111001110001
0001001001110001
0001011001110001
0001101001110001
0001111001111111
0010001001111111
0010011001111111
0010101001111111
0010111001111111
0011001001111111
0011011001110001
0011101001110001
0011111001110001
0100001001110001
0100011001110001
0100101001110001
0100111001110001
0101001001110001