0000000000000001
0000010000000001
0000100000000001
0000110000000001
0001000000000001
0001010000000001
0001100000000001
0001110000000001
0010000000000001
0010010000000001
0010100000000001
0010110000000001
0011000000000001
0011010000000001
0011100000000001
0011110000000001
0100000000000001
0100010000000001
0100100000000001
0100110000000001
0101000000000001
0000000000010001
0000010000010001
0000100000010001
0000110000010001
0001000000010001
0001010000010001
0001100000010001
0001110000010001
0010000000010001
0010010000010001
0010100000010001
0010110000010001
0011000000010001
0011010000010001
0011100000010001
0011110000010001
0100000000010001
0100010000010001
0100100000010001
0100110000010001
0101000000010001
0000000000100001
0000010000100001
0000100000100001
0000110000100001
0001000000100001
0001010000100001
0001100000100001
0001110000100001
0010000000100001
0010010000100001
0010100000100001
0010110000100001
0011000000100001
0011010000100001
0011100000100001
0011110000100001
0100000000100001
0100010000100001
0100100000100001
0100110000100001
0101000000100001
0000000000110001
0000010000110001
0000100000110001
0000110000110001
0001000000110001
0001010000110001
0001100000110001
0001110000110001
0010000000110001
0010010000110001
0010100000110001
0010110000110001
0011000000110001
0011010000110001
0011100000110001
0011110000110001
0100000000110001
0100010000110001
0100100000110001
0100110000110001
0101000000110001
0000000001000001
0000010001000001
0000100001000001
0000110001000001
0001000001000001
0001010001000001
0001100001000001
0001110001000001
0010000001000001
0010010001000001
0010100001000001
0010110001000001
0011000001000001
0011010001000001
0011100001000001
0011110001000001
0100000001000001
0100010001000001
0100100001000001
0100110001000001
0101000001000001
0000000001010001
0000010001010001
0000100001010001
0000110001010001
0001000001010001
0001010001010001
0001100001010001
0001110001010001
0010000001010001
0010010001010001
0010100001010001
0010110001010001
0011000001010001
0011010001010001
0011100001010001
0011110001010001
0100000001010001
0100010001010001
0100100001010001
0100110001010001
0101000001010001
0000000001100001
0000010001100001
0000100001100001
0000110001100001
0001000001100001
0001010001100001
0001100001100001
0001110001100001
0010000001100001
0010010001100001
0010100001100001
0010110001100001
0011000001100001
0011010001100001
0011100001100001
0011110001100001
0100000001100001
0100010001100001
0100100001100001
0100110001100001
0101000001100001
0000000001110001
0000010001110001
0000100001110001
0000110001110001
0001000001110001
0001010001110001
0001100001110001
0001110001110001
0010000001110001
0010010001110001
0010100001110001
0010110001110001
0011000001110001
0011010001110001
0011100001110001
0011110001110001
0100000001110001
0100010001110001
0100100001110001
0100110001110001
0101000001110001
0000000010000001
0000010010000001
0000100010000001
0000110010000001
0001000010000001
0001010010000001
0001100010000001
0001110010000001
0010000010000001
0010010010000001
0010100010000001
0010110010000001
0011000010000001
0011010010000001
0011100010000001
0011110010000001
0100000010000001
0100010010000001
0100100010000001
0100110010000001
0101000010000001
0000000010010001
0000010010010001
0000100010010001
0000110010010001
0001000010010001
0001010010010001
0001100010010001
0001110010010001
0010000010010001
0010010010010001
0010100010010001
0010110010010001
0011000010010001
0011010010010001
0011100010010001
0011110010010001
0100000010010001
0100010010010001
0100100010010001
0100110010010001
0101000010010001
0000000010100001
0000010010100001
0000100010100001
0000110010100001
0001000010100001
0001010010100001
0001100010100001
0001110010100001
0010000010100001
0010010010100001
0010100010100001
0010110010100001
0011000010100001
0011010010100001
0011100010100001
0011110010100001
0100000010100001
0100010010100001
0100100010100001
0100110010100001
0101000010100001
0000000010110001
0000010010110001
0000100010110001
0000110010110001
0001000010110001
0001010010110001
0001100010110001
0001110010110001
0010000010110001
0010010010110001
0010100010110001
0010110010110001
0011000010110001
0011010010110001
0011100010110001
0011110010110001
0100000010110001
0100010010110001
0100100010110001
0100110010110001
0101000010110001
0000000011000001
0000010011000001
0000100011000001
0000110011000001
0001000011000001
0001010011000001
0001100011000001
0001110011000001
0010000011000001
0010010011000001
0010100011000001
0010110011000001
0011000011000001
0011010011000001
0011100011000001
0011110011000001
0100000011000001
0100010011000001
0100100011000001
0100110011000001
0101000011000001
0000000011010001
0000010011010001
0000100011010001
0000110011010001
0001000011010001
0001010011010001
0001100011010001
0001110011010001
0010000011010001
0010010011010001
0010100011010001
0010110011010001
0011000011010001
0011010011010001
0011100011010001
0011110011010001
0100000011010001
0100010011010001
0100100011010001
0100110011010001
0101000011010001
0000000011100001
0000010011100001
0000100011100001
0000110011100001
0001000011100001
0001010011100001
0001100011100001
0001110011100001
0010000011100001
0010010011100001
0010100011100001
0010110011100001
0011000011100001
0011010011100001
0011100011100001
0011110011100001
0100000011100001
0100010011100001
0100100011100001
0100110011100001
0101000011100001
0000000011110001
0000010011110001
0000100011110001
0000110011110001
0001000011110001
0001010011110001
0001100011110001
0001110011110001
0010000011110001
0010010011110001
0010100011110001
0010110011110001
0011000011110001
0011010011110001
0011100011110001
0011110011110001
0100000011110001
0100010011110001
0100100011110001
0100110011110001
0101000011110001
0000000100000001
0000010100000001
0000100100000001
0000110100000001
0001000100000001
0001010100000001
0001100100000001
0001110100000001
0010000100000001
0010010100000001
0010100100000001
0010110100000001
0011000100000001
0011010100000001
0011100100000001
0011110100000001
0100000100000001
0100010100000001
0100100100000001
0100110100000001
0101000100000001
0000000100010001
0000010100010001
0000100100010001
0000110100010001
0001000100010001
0001010100010001
0001100100010001
0001110100010001
0010000100010001
0010010100010001
0010100100010001
0010110100010001
0011000100010001
0011010100010001
0011100100010001
0011110100010001
0100000100010001
0100010100010001
0100100100010001
0100110100010001
0101000100010001
0000000100100001
0000010100100001
0000100100100001
0000110100100001
0001000100100001
0001010100100001
0001100100100001
0001110100100001
0010000100100001
0010010100100001
0010100100100001
0010110100100001
0011000100100001
0011010100100001
0011100100100001
0011110100100001
0100000100100001
0100010100100001
0100100100100001
0100110100100001
0101000100100001
0000000100110001
0000010100110001
0000100100110001
0000110100110001
0001000100110001
0001010100110001
0001100100110001
0001110100110001
0010000100110001
0010010100110001
0010100100110001
0010110100110001
0011000100110001
0011010100110001
0011100100110001
0011110100110001
0100000100110001
0100010100110001
0100100100110001
0100110100110001
0101000100110001
0000000101000001
0000010101000001
0000100101000001
0000110101000001
0001000101000001
0001010101000001
0001100101000001
0001110101000001
0010000101000001
0010010101000001
0010100101000001
0010110101000001
0011000101000001
0011010101000001
0011100101000001
0011110101000001
0100000101000001
0100010101000001
0100100101000001
0100110101000001
0101000101000001
0000000101010001
0000010101010001
0000100101010001
0000110101010001
0001000101010001
0001010101010001
0001100101010001
0001110101010001
0010000101010001
0010010101010001
0010100101010001
0010110101010001
0011000101010001
0011010101010001
0011100101010001
0011110101010001
0100000101010001
0100010101010001
0100100101010001
0100110101010001
0101000101010001
0000000101100001
0000010101100001
0000100101100001
0000110101100001
0001000101100001
0001010101100001
0001100101100001
0001110101100001
0010000101100001
0010010101100001
0010100101100001
0010110101100001
0011000101100001
0011010101100001
0011100101100001
0011110101100001
0100000101100001
0100010101100001
0100100101100001
0100110101100001
0101000101100001
0000000101110001
0000010101110001
0000100101110001
0000110101110001
0001000101110001
0001010101110001
0001100101110001
0001110101110001
0010000101110001
0010010101110001
0010100101110001
0010110101110001
0011000101110001
0011010101110001
0011100101110001
0011110101110001
0100000101110001
0100010101110001
0100100101110001
0100110101110001
0101000101110001
0000000110000001
0000010110000001
0000100110000001
0000110110000001
0001000110000001
0001010110000001
0001100110000001
0001110110000001
0010000110000001
0010010110000001
0010100110000001
0010110110000001
0011000110000001
0011010110000001
0011100110000001
0011110110000001
0100000110000001
0100010110000001
0100100110000001
0100110110000001
0101000110000001
0000000110010001
0000010110010001
0000100110010001
0000110110010001
0001000110010001
0001010110010001
0001100110010001
0001110110010001
0010000110010001
0010010110010001
0010100110010001
0010110110010001
0011000110010001
0011010110010001
0011100110010001
0011110110010001
0100000110010001
0100010110010001
0100100110010001
0100110110010001
0101000110010001
0000000110100001
0000010110100001
0000100110100001
0000110110100001
0001000110100001
0001010110100001
0001100110100001
0001110110100001
0010000110100001
0010010110100001
0010100110100001
0010110110100001
0011000110100001
0011010110100001
0011100110100001
0011110110100001
0100000110100001
0100010110100001
0100100110100001
0100110110100001
0101000110100001
0000000110110001
0000010110110001
0000100110110001
0000110110110001
0001000110110001
0001010110110001
0001100110110001
0001110110110001
0010000110110001
0010010110110001
0010100110110001
0010110110110001
0011000110110001
0011010110110001
0011100110110001
0011110110110001
0100000110110001
0100010110110001
0100100110110001
0100110110110001
0101000110110001
0000000111000001
0000010111000001
0000100111000001
0000110111000001
0001000111000001
0001010111000001
0001100111000001
0001110111000001
0010000111000001
0010010111000001
0010100111000001
0010110111000001
0011000111000001
0011010111000001
0011100111000001
0011110111000001
0100000111000001
0100010111000001
0100100111000001
0100110111000001
0101000111000001
0000000111010001
0000010111010001
0000100111010001
0000110111010001
0001000111010001
0001010111010001
0001100111010001
0001110111010001
0010000111010001
0010010111010001
0010100111010001
0010110111010001
0011000111010001
0011010111010001
0011100111010001
0011110111010001
0100000111010001
0100010111010001
0100100111010001
0100110111010001
0101000111010001
0000000111100001
0000010111100001
0000100111100001
0000110111100001
0001000111100001
0001010111100001
0001100111100001
0001110111100001
0010000111100001
0010010111100001
0010100111100001
0010110111100001
0011000111100001
0011010111100001
0011100111100001
0011110111100001
0100000111100001
0100010111100001
0100100111100001
0100110111100001
0101000111100001
0000000111110001
0000010111110001
0000100111110001
0000110111110001
0001000111110001
0001010111110001
0001100111110001
0001110111110001
0010000111110001
0010010111110001
0010100111110001
0010110111110001
0011000111110001
0011010111110001
0011100111110001
0011110111110001
0100000111110001
0100010111110001
0100100111110001
0100110111110001
0101000111110001
0000001000000001
0000011000000001
0000101000000001
0000111000000001
0001001000000001
0001011000000001
0001101000000001
0001111000000001
0010001000000001
0010011000000001
0010101000000001
0010111000000001
0011001000000001
0011011000000001
0011101000000001
0011111000000001
0100001000000001
0100011000000001
0100101000000001
0100111000000001
0101001000000001
0000001000010001
0000011000010001
0000101000010001
0000111000010001
0001001000010001
0001011000010001
0001101000010001
0001111000010001
0010001000010001
0010011000010001
0010101000010001
0010111000010001
0011001000010001
0011011000010001
0011101000010001
0011111000010001
0100001000010001
0100011000010001
0100101000010001
0100111000010001
0101001000010001
0000001000100001
0000011000100001
0000101000100001
0000111000100001
0001001000100001
0001011000100001
0001101000100001
0001111000100001
0010001000100001
0010011000100001
0010101000100001
0010111000100001
0011001000100001
0011011000100001
0011101000100001
0011111000100001
0100001000100001
0100011000100001
0100101000100001
0100111000100001
0101001000100001
0000001000110001
0000011000110001
0000101000110001
0000111000110001
0001001000110001
0001011000110001
0001101000110001
0001111000110001
0010001000110001
0010011000110001
0010101000110001
0010111000110001
0011001000110001
0011011000110001
0011101000110001
0011111000110001
0100001000110001
0100011000110001
0100101000110001
0100111000110001
0101001000110001
0000001001000001
0000011001000001
0000101001000001
0000111001000001
0001001001000001
0001011001000001
0001101001000001
0001111001000001
0010001001000001
0010011001000001
0010101001000001
0010111001000001
0011001001000001
0011011001000001
0011101001000001
0011111001000001
0100001001000001
0100011001000001
0100101001000001
0100111001000001
0101001001000001
0000001001010001
0000011001010001
0000101001010001
0000111001010001
0001001001010001
0001011001010001
0001101001010001
0001111001010001
0010001001010001
0010011001010001
0010101001010001
0010111001010001
0011001001010001
0011011001010001
0011101001010001
0011111001010001
0100001001010001
0100011001010001
0100101001010001
0100111001010001
0101001001010001
0000001001100001
0000011001100001
0000101001100001
0000111001100001
0001001001100001
0001011001100001
0001101001100001
0001111001100001
0010001001100001
0010011001100001
0010101001100001
0010111001100001
0011001001100001
0011011001100001
0011101001100001
0011111001100001
0100001001100001
0100011001100001
0100101001100001
0100111001100001
0101001001100001
0000001001110001
0000011001110001
0000101001110001
0000111001110001
0001001001110001
0001011001110001
0001101001110001
0001111001110001
0010001001110001
0010011001110001
0010101001110001
0010111001110001
0011001001110001
0011011001110001
0011101001110001
0011111001110001
0100001001110001
0100011001110001
0100101001110001
0100111001110001
0101001001110001