0000000000000001
0000010000000001
0000100000000001
0000110000000001
0001000000000001
0001010000000001
0001100000000001
0001110000000001
0010000000000001
0010010000000001
0000000000010001
0000010000010001
0000100000010001
0000110000010001
0001000000011101
0001010000011101
0001100000010001
0001110000010001
0010000000010001
0010010000010001
0000000000100001
0000010000100001
0000100000100001
0000110000100001
0001000000100001
0001010000101101
0001100000100001
0001110000100001
0010000000100001
0010010000100001
0000000000110001
0000010000110001
0000100000111101
0000110000111101
0001000000111101
0001010000111101
0001100000111101
0001110000111101
0010000000111101
0010010000110001
0000000001000001
0000010001001101
0000100001001101
0000110001001101
0001000001001101
0001010001001101
0001100001001101
0001110001001101
0010000001001101
0010010001000001
0000000001011101
0000010001011101
0000100001011101
0000110001011101
0001000001011101
0001010001011101
0001100001011101
0001110001011101
0010000001011101
0010010001011101
0000000001101101
0000010001101101
0000100001101101
0000110001101101
0001000001101101
0001010001101101
0001100001101101
0001110001101101
0010000001101101
0010010001101101
0000000001111101
0000010001111101
0000100001111101
0000110001111101
0001000001111111
0001010001111111
0001100001111101
0001110001111111
0010000001111111
0010010001111101
0000000010000001
0000010010001101
0000100010001101
0000110010001111
0001000010001111
0001010010000101
0001100010001111
0001110010001111
0010000010000101
0010010010001101
0000000010010001
0000010010011101
0000100010011101
0000110010011111
0001000010011111
0001010010010101
0001100010011111
0001110010011111
0010000010010101
0010010010011101
0000000010100001
0000010010100001
0000100010101101
0000110010101101
0001000010101111
0001010010101111
0001100010101111
0001110010101111
0010000010101111
0010010010101101
0000000010110001
0000010010110001
0000100010110001
0000110010111011
0001000010111011
0001010010111111
0001100010111111
0001110010111111
0010000010111011
0010010010110001
0000000011000001
0000010011000001
0000100011001011
0000110011001011
0001000011001011
0001010011001011
0001100011001011
0001110011001011
0010000011001011
0010010011001011
0000000011010001
0000010011011011
0000100011011011
0000110011011011
0001000011011011
0001010011011011
0001100011011011
0001110011011011
0010000011011011
0010010011011011
0000000011100001
0000010011101011
0000100011100001
0000110011101011
0001000011101011
0001010011101011
0001100011101011
0001110011101011
0010000011101011
0010010011101011
0000000011110001
0000010011111111
0000100011110001
0000110011111011
0001000011111011
0001010011111011
0001100011111011
0001110011111011
0010000011111011
0010010011111111
0000000100000001
0000010100000001
0000100100000001
0000110100001011
0001000100001011
0001010100001011
0001100100001011
0001110100001011
0010000100001011
0010010100000001
0000000100010001
0000010100010001
0000100100010001
0000110100010111
0001000100010111
0001010100010111
0001100100010111
0001110100010111
0010000100010111
0010010100010001
0000000100100001
0000010100100001
0000100100100001
0000110100100111
0001000100100111
0001010100100111
0001100100100111
0001110100100111
0010000100100111
0010010100100001
0000000100110001
0000010100110001
0000100100110001
0000110100110111
0001000100110111
0001010100110001
0001100100110001
0001110100110111
0010000100110111
0010010100110001
0000000101000001
0000010101000001
0000100101000001
0000110101001111
0001000101001111
0001010101000001
0001100101000001
0001110101001111
0010000101001111
0010010101000001
0000000101010001
0000010101010001
0000100101010001
0000110101010001
0001000101010001
0001010101010001
0001100101010001
0001110101010001
0010000101010001
0010010101010001